PU1
5877,6183,6202,6308,6315,6515,6665,6848,7197,7384,7485,7559,7569,
8454,8641,8736,8806,9000,9477,10533,9554

PU2
5940,6043,6307,6408,6562,6624,6686,6693,7025,7333,7405,7572,7739,7930,
8642,8875,9028,9029,9069,9143,9159,9284,9296,9406,9407,9445,9583,9617,
9796,10012,10046,10894,11473,11927

----------------------------------------------------------------------
July

PU2
6728,7542,7569,5877

PU1
6183,6202,6308,6315,6439,6442,6515,6665,6848,6998,7197,7384,7485,
7559,8454,8641,8736,8806,9000,9070,9477,9554,10533,11529,7028,9280,9178

----------------------------------------------------------------------
Aug28

11 PU2 8941,9172,11332,9049,6302
12 PU1 7531,7599
13 PU1 11940,11947
14 PU2 11989,11990,11991,11992,11997,12006,12007,12008,12009,12010

----------------------------------------------------------------------
Aug29

15 PU2 11924,11949


Sep 15

21 PU2 12023,12021,12022,12011,12030

----------------------------------------------------------------------
Sep 19

22 PU2reg 11930
23 PU1reg 7042
24 PU2icxod 11949